0.0009555920528794104 1.1999996195181983 20.800006975501855 8.438500727838887 8.454520321837977 0
0.0019111841057588208 2.3999992390363967 19.60000697550186 8.437156553052805 8.455866619491164 -0.0300367387482936
0.002866776158638231 3.599998858554595 18.40000697550186 8.435812378266725 8.45721291714435 -0.0698360896744461
0.0038223682115176415 4.799998478072793 17.200006975501864 24.456853211320556 8.458559214797535 -0.07982494657295547
0.004752796080741177 5.9683977816169 16.222025196051373 37.052090312274466 10.100732387243118 13.200041853011186
0.1865323197434145 7.144304661022674 15.293692218361294 34.7780631679257 11.834146400724867 7.332151176308237
0.4715345074507661 8.30941330048741 14.166360363008673 34.04350987328329 12.799252187680453 1.7621533101677613
0.7786690386503494 9.464417992491848 13.205350653478643 32.62638632580404 14.061172151674075 5.001837821947959
1.1491954879194486 10.583054970249655 12.655435674011976 30.545812570158198 12.127030064309734 10.767896079128143
1.6508382561093264 11.631965823317671 12.665245281725667 28.758903979710787 10.53487818150074 14.067385955928145
2.320285489345351 12.586154874980766 13.124677340077351 27.68106180670424 9.415557132703512 14.008528309645996
3.139780983307355 13.429713439075782 13.853091528904718 27.064592131473376 8.626049069611543 11.251935959535892
4.0757961745364115 14.166760862028944 14.139943343994913 20.68130863741454 7.9824591495224215 6.881450826571694
5.070789154931001 14.828845771819935 14.253941141599398 18.586564190805806 7.408126572207653 5.160339936030525
6.104546307886126 15.430634599187611 26.854727922304836 17.468526186970198 6.891402253485488 4.476353150403611
7.031173443984213 15.9058616353022 23.18368041290963 9.71089309954546 7.623662670812114 30.0
8.18009423988425 16.06337612389399 21.83404403396399 8.247039628732967 8.67207219254714 15.0
9.37925723909662 16.020200828643922 20.629610812556898 8.2391375804882 8.67376145958513 -0.7969360571515693
10.578681421338958 15.985020779578626 19.42630397018768 8.242515929719843 8.664293270223594 -0.8149197733067481
11.778133533745994 15.95784161774097 18.222658390263646 8.310744681896564 8.585530959799582 -1.430795723159477
12.977841402330451 15.94665650028782 17.022295451361767 8.40486867006276 24.28298427474012 -0.9642105828428029
14.137500052740359 15.951306650541065 16.112098706005952 10.333217900946249 27.907719734686545 -15.0
15.279203160962513 16.1546384533752 15.662234163379855 14.403216360151383 6.437625366923632 -15.0
16.39755557774621 16.56094948710541 14.082870034927124 13.021722516140978 27.43118428841797 7.5
17.517662425443817 16.861266751192638 13.759030538575786 13.316409794459826 35.23405218422166 -15.0
18.56972543833614 17.349112245454737 13.910711744249411 11.625607512531486 33.15361472898534 -15.0
19.522611500829743 18.010049429514872 14.71851203221466 10.478061493394474 31.990023159269665 -15.0
20.3481223856631 18.824519556891907 16.61401217693734 9.778182836837734 13.87058941884463 -15.0
21.039377498028582 19.79300660062839 17.624052606192908 9.242099432944313 11.97407344517513 -7.60528793657577
21.645807738087637 20.820084264420156 18.81372457365036 8.802970491030655 11.25465327015401 -6.087309622557882
22.176002983516817 21.88991646517408 20.405326773424026 8.449824937802383 10.813439501951086 -5.531146310723102
22.634646375768366 22.99465620048482 22.073102079026004 8.143015728114877 10.65972052535979 -4.431777307778816
23.033781777790495 24.122261882841503 24.617077511605363 7.911716944093023 10.440473679591216 -4.718821494834209
23.372275486010793 25.26953066282539 25.420925239278258 7.760917151431731 10.172229606510232 -4.741418879059111
23.649166043429187 26.43320383998596 23.95510810002404 7.697467125474594 9.86543859306231 -4.521210853272187
23.863828210478697 27.61086069633704 22.59061189897526 7.69126928435645 9.609272127404918 -4.064946501726965
24.02344830617103 28.798018496659285 21.29533147125196 7.730928071065884 9.390972742964028 -3.596255330715877
24.13554468137639 29.99126507707173 20.04521753348462 7.803604523121794 9.204032055614142 -3.11258375980902
24.207820500201255 31.187584100164393 18.819283351323282 7.944210792626466 8.982766588537233 -2.6258016234231505
24.240195500797444 32.3856470610878 17.61470354566305 8.159538472322946 8.730233029578434 -3.09182582661974
24.232627675658186 33.58508322728257 16.42059876788578 8.339257447947062 8.553994313181045 -1.8728922380611834
24.201063613399867 34.78460801434355 15.223667636638016 8.443874631302117 8.457859444840745 -0.7642358423557027
24.1615015758303 35.9839556891999 14.023667636638018 8.501481210013381 8.403899322194711 -0.052260337999257445
0.0009555920528794104 1.1999996195181983 20.800006975501855 8.438500727838887 8.454520321837977 0
0.0019111841057588208 2.3999992390363967 19.60000697550186 8.437156553052805 8.455866619491164 -0.0300367387482936
0.002866776158638231 3.599998858554595 18.40000697550186 8.435812378266725 8.45721291714435 -0.0698360896744461
0.0038223682115176415 4.799998478072793 17.200006975501864 24.456853211320556 8.458559214797535 -0.07982494657295547
0.004752796080741177 5.9683977816169 16.222025196051373 37.052090312274466 10.100732387243118 13.200041853011186
0.1865323197434145 7.144304661022674 15.293692218361294 34.7780631679257 11.834146400724867 7.332151176308237
0.0009555920528794104 1.1999996195181983 20.800006975501855 8.438500727838887 8.454520321837977 0
0.0018790666359683426 2.3596672255858175 19.93806823356091 7.3065156606627 10.373761447953454 14.938388400000001
0.2015408694037461 3.5020178608477908 19.658131354623094 6.395487048338235 14.415040571996206 14.938388400000001
0.5940325196768367 4.593246578318976 20.029530197882213 5.598908683567088 18.07360958165573 14.938388400000001
1.1677392303486986 5.601061253493919 21.25845564633966 4.852360402861779 16.481697414890146 14.938388400000001
1.9056836178204388 6.4956381872267706 37.00832964206179 4.107846971258013 15.544617207738973 14.938388400000001
2.7860281042710096 7.250504661872446 3.739506672485956 3.3200145274175528 15.200555061201875 14.938388400000001
3.782721144951812 7.8433223336960545 0 0 15.479771662976594 14.938388400000001
4.866268157060832 8.256548279054677 0 0 0 14.938388400000001
5.711914021911782 8.421026003381911 0 0 0 44.25394269319723
6.53730944742844 8.174262468645624 0 0 0 44.25394269319723
7.1539142560951525 7.572624404300904 0 0 0 44.25394269319723
7.420881071625263 6.753540422071311 3.2925572760758075 5.640713633968703 0 44.25394269319723
7.227507920987086 5.610108467829971 4.656070767823911 10.283930893119846 0 14.938388407940339
6.8410265504978796 4.516736637374892 6.289852271553939 11.574583702655401 3.0646618415083675 14.938388400000001
6.272873888397399 3.505780475162089 8.380746360748613 11.782002142815116 0 14.938388400000001
5.539862960414269 2.607156644616059 11.285052905404928 11.572992955835442 7.409210532749621 14.938388400000001
4.663685351246836 1.8474576209484301 12.448293278770462 11.000016492464134 8.390480593989667 14.938388400000001
3.670269297561833 1.2491647548294849 10.371542333193926 10.5914728779384 9.545606832210805 14.938388400000001
2.589012408107736 0.8299829942816813 8.75947283347033 10.353135203349751 10.98588967538855 14.938388400000001
1.4519117166297257 0.602316952000142 7.454309789886618 10.32641541141257 10.869152531905549 14.938388400000001
0.29261681144650764 0.5729038225484941 6.361101742738028 10.623824977166493 7.863575583034267 14.938388400000001
-0.8545659381012422 0.7426140123073105 5.419010386540346 11.550839055282896 5.773833691050251 14.938388400000001
-1.9556885909579023 1.1064253820221892 4.586954478309074 14.169411830858142 4.231631416915943 14.938388400000001
-2.978166236891062 1.6535718641774655 3.835835847733939 20.487001386846167 3.0461418282540103 14.938388400000001
-3.891741263616618 2.367862057244199 3.1439843999602606 19.66189540119542 0 14.938388400000001
-4.669378753490111 3.2281583688201385 0 19.26726052583818 0 14.938388400000001
-5.2880665127880295 4.209002528645146 0 19.311677290590264 0 14.938388400000001
-5.729496058757509 5.281368961033388 0 19.880348789257354 0 14.938388400000001
-5.980604412363441 6.4135237225908455 0 21.18351630523081 0 14.938388400000001
-6.033960663761556 7.571963587152078 14.543718071081633 23.697964595573783 0 14.938388400000001
-5.887985871080453 8.722407488117971 13.891691005530017 40.50981920880174 0 14.938388400000001
-5.546999785170202 9.830810978992801 13.653955004439725 37.327527391290104 0 14.938388400000001
0.0009555920528794104 1.1999996195181983 20.800006975501855 8.438500727838887 8.454520321837977 0
0.0018790666359683426 2.3596672255858175 19.93806823356091 7.3065156606627 10.373761447953454 14.938388400000001
0.2015408694037461 3.5020178608477908 19.658131354623094 6.395487048338235 14.415040571996206 14.938388400000001
0.5940325196768367 4.593246578318976 20.029530197882213 5.598908683567088 18.07360958165573 14.938388400000001
1.1677392303486986 5.601061253493919 21.25845564633966 4.852360402861779 16.481697414890146 14.938388400000001
1.9056836178204388 6.4956381872267706 37.00832964206179 4.107846971258013 15.544617207738973 14.938388400000001
2.7860281042710096 7.250504661872446 3.739506672485956 3.3200145274175528 15.200555061201875 14.938388400000001
3.782721144951812 7.8433223336960545 0 0 15.479771662976594 14.938388400000001
4.866268157060832 8.256548279054677 0 0 0 14.938388400000001
5.711914021911782 8.421026003381911 0 0 0 44.25394269319723
6.53730944742844 8.174262468645624 0 0 0 44.25394269319723
7.1539142560951525 7.572624404300904 0 0 0 44.25394269319723
7.420881071625263 6.753540422071311 3.2925572760758075 5.640713633968703 0 44.25394269319723
7.227507920987086 5.610108467829971 4.656070767823911 10.283930893119846 0 14.938388407940339
6.8410265504978796 4.516736637374892 6.289852271553939 11.574583702655401 3.0646618415083675 14.938388400000001
6.272873888397399 3.505780475162089 8.380746360748613 11.782002142815116 0 14.938388400000001
5.539862960414269 2.607156644616059 11.285052905404928 11.572992955835442 7.409210532749621 14.938388400000001
4.663685351246836 1.8474576209484301 12.448293278770462 11.000016492464134 8.390480593989667 14.938388400000001
3.670269297561833 1.2491647548294849 10.371542333193926 10.5914728779384 9.545606832210805 14.938388400000001
2.589012408107736 0.8299829942816813 8.75947283347033 10.353135203349751 10.98588967538855 14.938388400000001
1.4519117166297257 0.602316952000142 7.454309789886618 10.32641541141257 10.869152531905549 14.938388400000001
0.29261681144650764 0.5729038225484941 6.361101742738028 10.623824977166493 7.863575583034267 14.938388400000001
-0.8545659381012422 0.7426140123073105 5.419010386540346 11.550839055282896 5.773833691050251 14.938388400000001
-1.9556885909579023 1.1064253820221892 4.586954478309074 14.169411830858142 4.231631416915943 14.938388400000001
-2.978166236891062 1.6535718641774655 3.835835847733939 20.487001386846167 3.0461418282540103 14.938388400000001
-3.891741263616618 2.367862057244199 3.1439843999602606 19.66189540119542 0 14.938388400000001
-4.669378753490111 3.2281583688201385 0 19.26726052583818 0 14.938388400000001
-5.2880665127880295 4.209002528645146 0 19.311677290590264 0 14.938388400000001
-5.729496058757509 5.281368961033388 0 19.880348789257354 0 14.938388400000001
0.0009555920528794104 1.1999996195181983 20.800006975501855 8.438500727838887 8.454520321837977 0
0.0019107541215851141 2.3994592797063885 19.604154802272298 8.60918787050088 8.292947584978194 -1.6063736
-0.021119869790621804 3.5986981963179026 18.41544919484105 25.16783697149038 8.10814936790351 -1.6063736
-0.06812706927666454 4.7972367697271325 17.2329507026894 23.102127554239203 7.901248948812404 -1.6063736
-0.1390920452173981 5.994595680389711 16.05573010690183 21.11981693614504 7.673244733322643 -1.6063736
-0.2339864172997596 7.190296080532004 14.882865478249192 19.21507577137128 7.425023457242081 -1.6063736
-0.3527722353666178 8.383859785651898 13.713439254237917 17.382587160176204 7.157371600125767 -1.6063736
-0.4954019945938 9.57480946575435 12.546535315247695 15.617490739042415 6.870985276368292 -1.6063736
-0.6618186544882257 10.762668836245206 11.381236039666105 13.915333895918993 6.56647882541533 -1.6063736
-0.8519556616995339 11.946962848406914 10.216619317473905 12.272029070851776 6.244392285884864 -1.6063736
-1.0657369766361062 13.127217879380026 9.051755501029318 10.683816271964305 5.9051979082717025 -1.6063736
-1.3030771038748155 14.302961921574443 7.8857042708274205 9.147230075893182 5.549305836145013 -1.6063736000000004
-1.5638811263523558 15.473724771434684 6.717511392751752 7.659070496365364 5.177069065294585 -1.6063736000030047
-1.8480447433244755 16.63903821748372 5.546205341762289 6.216377199353181 4.78878777331517 -1.6063736081111635
-2.15545431207793 17.798436227570058 4.37079376504462 4.816406621897609 4.384713097984165 -1.6063789579221632
-2.485986893378473 18.95145513524336 3.190259755337959 3.4566116172306938 3.9650504309644825 -1.6072984753574073
-2.839510300636721 20.097633825183927 0 0 3.5299622834322384 -1.6504943356349577
-3.2158831527722094 21.236513917611894 0 0 0 -1.694433365701387
-3.6135187032995812 22.363569119349695 0 0 0 -5.307970922615882
-4.077971856005468 23.46477333644524 0 0 4.632568326326007 -5.307970922615882
-4.609486468374839 24.540039166643144 0 0 8.547829470598844 -1.7163189702242307
0.0009555920528794104 1.1999996195181983 20.800006975501855 8.438500727838887 8.454520321837977 0
0.0018532491519687253 2.3272465175208343 20.204069805429747 23.221705234346977 7.044221385791716 -20.03313999070528
-0.2714116057994681 3.4951637696417697 19.097783694917155 21.576804942751195 6.643203743519463 -1.6063736
-0.5679766601590546 4.65738300768855 17.993737635563015 19.98598835542635 6.227410858238274 -1.6063736
-0.8877233116307263 5.813439436945354 16.891077136114607 18.44613501888837 5.7970158699912275 -1.6063736
-1.2305236871341378 6.962870727326849 15.642685860566377 16.954349984572975 5.352152029961024 -1.6063736
-1.5962406939436664 8.105217198273216 13.596666403493789 15.507943368732484 4.892914995211779 -1.6063736
-1.9847280745145341 9.240022002585626 11.715227977565927 14.104412073563516 4.419364805670002 -1.6063736
-2.3958304649741256 10.366831309128553 9.971231691199865 12.741423406085577 3.9315275764586812 -1.6063736
-2.829383457255105 11.485194484325927 8.34307990878996 11.416800367256771 3.4293969337861983 -1.6063736
-3.2852136648454904 12.59466427237851 6.813363729201108 10.128508414338379 0 -1.606373600000008
-3.763138792129395 13.694796974130444 5.367887998470212 8.87464352550289 0 -1.6063736005863027
-4.262967707290678 14.785152624513405 3.9949563639713133 7.65342141785832 0 -1.6063741450982896
0.0009555920528794104 1.1999996195181983 20.800006975501855 8.438500727838887 8.454520321837977 0
0.0018532491519687253 2.3272465175208343 20.204069805429747 23.221705234346977 7.044221385791716 -20.03313999070528
-0.25678325232717836 3.432643082912973 13.270175669696314 19.711675861429086 6.077494448353705 -18.639343229280225
-0.7559069859807902 4.472306094870855 8.86618215793833 17.746285486950153 5.3019871715091185 -15.971859474101407
-1.4453293232305213 5.412164161443782 6.399033510977261 16.587869737975158 4.55495765639854 -13.954746273633756
-2.2788723553228314 6.234737690782483 4.614536742199999 15.939575944757241 3.7676017224414364 -12.692464284410413
-3.2272543161149767 6.930248705882979 3.159412082077369 10.003239356309997 0 -11.741089232005812
-4.2652104310720835 7.497197083253932 0 4.520213363634032 0 -9.46147582505189
-5.36979154529857 7.947248997606275 0 0 0 -6.4911140738451465
-6.506626911015105 8.315993909521818 0 0 0 -5.307970922615882
-7.663514495553021 8.615958199978987 0 3.0032248439212386 0 -5.307970922615882
-8.833945867254071 8.845602637438367 0 4.620388631061636 3.614138663432942 -6.0874733046591
-10.015192980302325 8.9886272582979 4.017509704495527 5.910614994657444 5.518711278570311 -7.209093982518961
-11.195124603489864 9.028715631302202 5.214250246216497 6.817305584775941 8.111327332018181 -10.177468700634888
-12.366890687090237 8.928076866375738 6.521977131452614 7.569742076474654 11.94270519218675 -11.613570547405772
-13.507506922519148 8.67479362236944 8.0558440987081 8.2181064729009 10000 -13.382143429133773
-14.625323311092735 8.23983280782444 9.329766149932636 9.360254201268566 10000 -1.6063736
-15.734218269634981 7.782605993570361 10.618905542229216 10.477415033312054 10000 -1.6063736
-16.833748328875842 7.303296033754027 11.924699361370813 11.571079043202015 10000 -1.6063736
-17.923473764755784 6.802094614013801 13.248660424715487 12.642650221923912 10000 -1.6063736
0.0009555920528794104 1.1999996195181983 20.800006975501855 8.438500727838887 8.454520321837977 0
0.0018532491519687253 2.3272465175208343 20.204069805429747 23.221705234346977 7.044221385791716 -20.03313999070528
-0.25678325232717836 3.432643082912973 13.270175669696314 19.711675861429086 6.077494448353705 -18.639343229280225
-0.7559069859807902 4.472306094870855 8.86618215793833 17.746285486950153 5.3019871715091185 -15.971859474101407
-1.4453293232305213 5.412164161443782 6.399033510977261 16.587869737975158 4.55495765639854 -13.954746273633756
-2.2788723553228314 6.234737690782483 4.614536742199999 15.939575944757241 3.7676017224414364 -12.692464284410413
-3.2272543161149767 6.930248705882979 3.159412082077369 10.003239356309997 0 -11.741089232005812
-4.2652104310720835 7.497197083253932 0 4.520213363634032 0 -9.46147582505189
-5.36979154529857 7.947248997606275 0 0 0 -6.4911140738451465
-6.506626911015105 8.315993909521818 0 0 0 -5.307970922615882
-7.663514495553021 8.615958199978987 0 3.0032248439212386 0 -5.307970922615882
-8.833945867254071 8.845602637438367 0 4.620388631061636 3.614138663432942 -6.0874733046591
-10.015192980302325 8.9886272582979 4.017509704495527 5.910614994657444 5.518711278570311 -7.209093982518961
-11.195124603489864 9.028715631302202 5.214250246216497 6.817305584775941 8.111327332018181 -10.177468700634888
-12.366890687090237 8.928076866375738 6.521977131452614 7.569742076474654 11.94270519218675 -11.613570547405772
-13.507506922519148 8.67479362236944 8.0558440987081 8.2181064729009 10000 -13.382143429133773
-14.625323311092735 8.23983280782444 9.329766149932636 9.360254201268566 10000 -1.6063736
-15.734218269634981 7.782605993570361 10.618905542229216 10.477415033312054 10000 -1.6063736
-16.833748328875842 7.303296033754027 11.924699361370813 11.571079043202015 10000 -1.6063736
-17.923473764755784 6.802094614013801 13.248660424715487 12.642650221923912 10000 -1.6063736
-19.00295877428023 6.279202174820661 14.592385454124866 13.693453879040026 10000 -1.6063736
-20.071771649805903 5.734827831318059 15.95756407989853 14.724743379547542 10000 -1.6063736
-21.12948495168933 5.169189289692576 17.345988790747867 15.737706290349745 10000 -1.6063736
-22.175675679228515 4.582512760108868 18.759565962123922 16.733470001982493 10000 -1.6063736
-23.209925439829373 3.975032866243718 20.200328115591542 17.71310688358322 10000 -1.6063736
-24.231820616329298 3.346992551455298 21.670447586021762 18.677639022477134 10000 -1.6063736
-25.24095253241094 2.6986429816252984 23.17225180190712 19.628042594034817 10000 -1.6063736
-26.236917616040028 2.030243444712653 24.70824041801698 20.56525190250245 10000 -1.6063736
-27.21931756086192 1.342061247059089 26.281104580043174 21.490163129214476 10000 -1.6063736
-28.187759485492254 0.6343716064879936 27.893748649255876 22.403637820879506 10000 -1.6063736
-29.141856090638075 -0.0925424577607123 29.54931477325855 23.306506147409493 10000 -1.6063736
-30.08122581398658 -0.8383902382156111 31.25121075889997 24.19956995597529 10000 -1.6063736
-31.00549298279951 -1.6028734554335413 33.003141788038825 25.083605645566195 10000 -1.6063736
-31.914287964152194 -2.385686377287491 34.80914661965257 25.959366884261268 10000 -1.6063736
-32.80724731275714 -3.1865159412350086 36.673639047166056 26.827587189649122 10000 -1.6063736
-33.6840139163131 -4.00504187951816 72.06607289730391 27.688982391328075 10000 -1.6063736
-34.54423713832136 -4.840936847245018 74.73264067756745 28.54425299315414 3952.6495613580237 -1.6063736
-35.38757295831235 -5.693866553301422 10000 29.394086451859348 1368.1217989918377 -1.6063736
-36.213684109426296 -6.5634898940406945 10000 30.23915938781888 840.354616582906 -1.6063736
-37.022240213292974 -7.449459089697788 10000 31.08013974308972 612.8970482301355 -1.6063736
-37.81291791215661 -8.351419823473416 10000 31.917688901365626 486.11599188068976 -1.6063736
-38.58540099819313 -9.269011383232344 10000 32.75246378418596 405.225607181008 -1.6063736
-39.339380539968026 -10.201866805759481 10000 33.58511893759563 349.087477015227 -1.6063736
-40.07455500598414 -11.14961302351573 10000 34.416308623479054 307.81758523589446 -1.6063736
-40.7906303852702 -12.111871013835206 10000 35.24668892998484 276.1761327257221 -1.6063736
-41.48732030496167 -13.088255950503948 10000 36.07691991582431 251.12653376973844 -1.6063736
-42.16434614482699 -14.078377357659663 10000 36.90766780377564 230.78755660671257 -1.6063736
-42.821437148693356 -15.081839265950778 10000 37.73960723946609 213.93155943103537 -1.6063736
-43.458330532727544 -16.098240370892533 10000 38.57342363245575 199.7233242992002 -1.6063736
-44.07477159052844 -17.127174193356673 10000 39.40981559782433 187.57485380647918 -1.6063736
-44.670513794989205 -18.168229242130554 10000 40.24949751789504 177.0601983667124 -1.6063736
-45.245318896888364 -19.22098917848074 10000 41.09320224544547 167.86322608934887 -1.6063736
-45.79895702017049 -20.28503298265517 10000 41.941683971791164 159.7443705458 -1.6063736
-46.33120675387821 -21.359935122257383 10000 42.79572128552886 152.51877087181984 -1.6063736
-46.84185524069888 -22.44526572242542 10000 43.65612045054425 146.04149660155434 -1.6063736
-47.33069826209044 -23.540590737747415 10000 44.52371893519066 140.1973156805066 -1.6063736
-47.79754031995259 -24.645472125844964 10000 45.399389228403145 134.89345530511096 -1.6063736
-48.242194714810275 -25.759468022555136 10000 46.28404298302216 130.05438176523722 -1.6063736
-48.66448362047862 -26.882132918640686 10000 47.17863553187158 125.61797151552786 -1.6063736
-49.06423815517914 -28.013017837958166 10000 48.0841708282995 121.53265929428217 -1.6063736
