20.800006975501855 8.438500727838887 8.454520321837977 0
19.60000697550186 8.437156553052805 8.455866619491164 -0.0300367387482936
18.40000697550186 8.435812378266725 8.45721291714435 -0.0698360896744461
17.200006975501864 24.456853211320556 8.458559214797535 -0.07982494657295547
16.222025196051373 37.052090312274466 10.100732387243118 13.200041853011186
15.293692218361294 34.7780631679257 11.834146400724867 7.332151176308237
14.166360363008673 34.04350987328329 12.799252187680453 1.7621533101677613
13.205350653478643 32.62638632580404 14.061172151674075 5.001837821947959
12.655435674011976 30.545812570158198 12.127030064309734 10.767896079128143
12.665245281725667 28.758903979710787 10.53487818150074 14.067385955928145
13.124677340077351 27.68106180670424 9.415557132703512 14.008528309645996
13.853091528904718 27.064592131473376 8.626049069611543 11.251935959535892
14.139943343994913 20.68130863741454 7.9824591495224215 6.881450826571694
14.253941141599398 18.586564190805806 7.408126572207653 5.160339936030525
26.854727922304836 17.468526186970198 6.891402253485488 4.476353150403611
23.18368041290963 9.71089309954546 7.623662670812114 30.0
21.83404403396399 8.247039628732967 8.67207219254714 15.0
20.629610812556898 8.2391375804882 8.67376145958513 -0.7969360571515693
19.42630397018768 8.242515929719843 8.664293270223594 -0.8149197733067481
18.222658390263646 8.310744681896564 8.585530959799582 -1.430795723159477
17.022295451361767 8.40486867006276 24.28298427474012 -0.9642105828428029
16.112098706005952 10.333217900946249 27.907719734686545 -15.0
15.662234163379855 14.403216360151383 6.437625366923632 -15.0
14.082870034927124 13.021722516140978 27.43118428841797 7.5
13.759030538575786 13.316409794459826 35.23405218422166 -15.0
13.910711744249411 11.625607512531486 33.15361472898534 -15.0
14.71851203221466 10.478061493394474 31.990023159269665 -15.0
16.61401217693734 9.778182836837734 13.87058941884463 -15.0
17.624052606192908 9.242099432944313 11.97407344517513 -7.60528793657577
18.81372457365036 8.802970491030655 11.25465327015401 -6.087309622557882
20.405326773424026 8.449824937802383 10.813439501951086 -5.531146310723102
22.073102079026004 8.143015728114877 10.65972052535979 -4.431777307778816
24.617077511605363 7.911716944093023 10.440473679591216 -4.718821494834209
25.420925239278258 7.760917151431731 10.172229606510232 -4.741418879059111
23.95510810002404 7.697467125474594 9.86543859306231 -4.521210853272187
22.59061189897526 7.69126928435645 9.609272127404918 -4.064946501726965
21.29533147125196 7.730928071065884 9.390972742964028 -3.596255330715877
20.04521753348462 7.803604523121794 9.204032055614142 -3.11258375980902
18.819283351323282 7.944210792626466 8.982766588537233 -2.6258016234231505
17.61470354566305 8.159538472322946 8.730233029578434 -3.09182582661974
16.42059876788578 8.339257447947062 8.553994313181045 -1.8728922380611834
15.223667636638016 8.443874631302117 8.457859444840745 -0.7642358423557027
14.023667636638018 8.501481210013381 8.403899322194711 -0.052260337999257445
20.800006975501855 8.438500727838887 8.454520321837977 0
19.60000697550186 8.437156553052805 8.455866619491164 -0.0300367387482936
18.40000697550186 8.435812378266725 8.45721291714435 -0.0698360896744461
17.200006975501864 24.456853211320556 8.458559214797535 -0.07982494657295547
16.222025196051373 37.052090312274466 10.100732387243118 13.200041853011186
15.293692218361294 34.7780631679257 11.834146400724867 7.332151176308237
20.800006975501855 8.438500727838887 8.454520321837977 0
19.93806823356091 7.3065156606627 10.373761447953454 14.938388400000001
19.658131354623094 6.395487048338235 14.415040571996206 14.938388400000001
20.029530197882213 5.598908683567088 18.07360958165573 14.938388400000001
21.25845564633966 4.852360402861779 16.481697414890146 14.938388400000001
37.00832964206179 4.107846971258013 15.544617207738973 14.938388400000001
3.739506672485956 3.3200145274175528 15.200555061201875 14.938388400000001
0 0 15.479771662976594 14.938388400000001
0 0 0 14.938388400000001
0 0 0 44.25394269319723
0 0 0 44.25394269319723
0 0 0 44.25394269319723
3.2925572760758075 5.640713633968703 0 44.25394269319723
4.656070767823911 10.283930893119846 0 14.938388407940339
6.289852271553939 11.574583702655401 3.0646618415083675 14.938388400000001
8.380746360748613 11.782002142815116 0 14.938388400000001
11.285052905404928 11.572992955835442 7.409210532749621 14.938388400000001
12.448293278770462 11.000016492464134 8.390480593989667 14.938388400000001
10.371542333193926 10.5914728779384 9.545606832210805 14.938388400000001
8.75947283347033 10.353135203349751 10.98588967538855 14.938388400000001
7.454309789886618 10.32641541141257 10.869152531905549 14.938388400000001
6.361101742738028 10.623824977166493 7.863575583034267 14.938388400000001
5.419010386540346 11.550839055282896 5.773833691050251 14.938388400000001
4.586954478309074 14.169411830858142 4.231631416915943 14.938388400000001
3.835835847733939 20.487001386846167 3.0461418282540103 14.938388400000001
3.1439843999602606 19.66189540119542 0 14.938388400000001
0 19.26726052583818 0 14.938388400000001
0 19.311677290590264 0 14.938388400000001
0 19.880348789257354 0 14.938388400000001
0 21.18351630523081 0 14.938388400000001
14.543718071081633 23.697964595573783 0 14.938388400000001
13.891691005530017 40.50981920880174 0 14.938388400000001
13.653955004439725 37.327527391290104 0 14.938388400000001
20.800006975501855 8.438500727838887 8.454520321837977 0
19.93806823356091 7.3065156606627 10.373761447953454 14.938388400000001
19.658131354623094 6.395487048338235 14.415040571996206 14.938388400000001
20.029530197882213 5.598908683567088 18.07360958165573 14.938388400000001
21.25845564633966 4.852360402861779 16.481697414890146 14.938388400000001
37.00832964206179 4.107846971258013 15.544617207738973 14.938388400000001
3.739506672485956 3.3200145274175528 15.200555061201875 14.938388400000001
0 0 15.479771662976594 14.938388400000001
0 0 0 14.938388400000001
0 0 0 44.25394269319723
0 0 0 44.25394269319723
0 0 0 44.25394269319723
3.2925572760758075 5.640713633968703 0 44.25394269319723
4.656070767823911 10.283930893119846 0 14.938388407940339
6.289852271553939 11.574583702655401 3.0646618415083675 14.938388400000001
8.380746360748613 11.782002142815116 0 14.938388400000001
11.285052905404928 11.572992955835442 7.409210532749621 14.938388400000001
12.448293278770462 11.000016492464134 8.390480593989667 14.938388400000001
10.371542333193926 10.5914728779384 9.545606832210805 14.938388400000001
8.75947283347033 10.353135203349751 10.98588967538855 14.938388400000001
7.454309789886618 10.32641541141257 10.869152531905549 14.938388400000001
6.361101742738028 10.623824977166493 7.863575583034267 14.938388400000001
5.419010386540346 11.550839055282896 5.773833691050251 14.938388400000001
4.586954478309074 14.169411830858142 4.231631416915943 14.938388400000001
3.835835847733939 20.487001386846167 3.0461418282540103 14.938388400000001
3.1439843999602606 19.66189540119542 0 14.938388400000001
0 19.26726052583818 0 14.938388400000001
0 19.311677290590264 0 14.938388400000001
0 19.880348789257354 0 14.938388400000001
20.800006975501855 8.438500727838887 8.454520321837977 0
19.604154802272298 8.60918787050088 8.292947584978194 -1.6063736
18.41544919484105 25.16783697149038 8.10814936790351 -1.6063736
17.2329507026894 23.102127554239203 7.901248948812404 -1.6063736
16.05573010690183 21.11981693614504 7.673244733322643 -1.6063736
14.882865478249192 19.21507577137128 7.425023457242081 -1.6063736
13.713439254237917 17.382587160176204 7.157371600125767 -1.6063736
12.546535315247695 15.617490739042415 6.870985276368292 -1.6063736
11.381236039666105 13.915333895918993 6.56647882541533 -1.6063736
10.216619317473905 12.272029070851776 6.244392285884864 -1.6063736
9.051755501029318 10.683816271964305 5.9051979082717025 -1.6063736
7.8857042708274205 9.147230075893182 5.549305836145013 -1.6063736000000004
6.717511392751752 7.659070496365364 5.177069065294585 -1.6063736000030047
5.546205341762289 6.216377199353181 4.78878777331517 -1.6063736081111635
4.37079376504462 4.816406621897609 4.384713097984165 -1.6063789579221632
3.190259755337959 3.4566116172306938 3.9650504309644825 -1.6072984753574073
0 0 3.5299622834322384 -1.6504943356349577
0 0 0 -1.694433365701387
0 0 0 -5.307970922615882
0 0 4.632568326326007 -5.307970922615882
0 0 8.547829470598844 -1.7163189702242307
20.800006975501855 8.438500727838887 8.454520321837977 0
20.204069805429747 23.221705234346977 7.044221385791716 -20.03313999070528
19.097783694917155 21.576804942751195 6.643203743519463 -1.6063736
17.993737635563015 19.98598835542635 6.227410858238274 -1.6063736
16.891077136114607 18.44613501888837 5.7970158699912275 -1.6063736
15.642685860566377 16.954349984572975 5.352152029961024 -1.6063736
13.596666403493789 15.507943368732484 4.892914995211779 -1.6063736
11.715227977565927 14.104412073563516 4.419364805670002 -1.6063736
9.971231691199865 12.741423406085577 3.9315275764586812 -1.6063736
8.34307990878996 11.416800367256771 3.4293969337861983 -1.6063736
6.813363729201108 10.128508414338379 0 -1.606373600000008
5.367887998470212 8.87464352550289 0 -1.6063736005863027
3.9949563639713133 7.65342141785832 0 -1.6063741450982896
20.800006975501855 8.438500727838887 8.454520321837977 0
20.204069805429747 23.221705234346977 7.044221385791716 -20.03313999070528
13.270175669696314 19.711675861429086 6.077494448353705 -18.639343229280225
8.86618215793833 17.746285486950153 5.3019871715091185 -15.971859474101407
6.399033510977261 16.587869737975158 4.55495765639854 -13.954746273633756
4.614536742199999 15.939575944757241 3.7676017224414364 -12.692464284410413
3.159412082077369 10.003239356309997 0 -11.741089232005812
0 4.520213363634032 0 -9.46147582505189
0 0 0 -6.4911140738451465
0 0 0 -5.307970922615882
0 3.0032248439212386 0 -5.307970922615882
0 4.620388631061636 3.614138663432942 -6.0874733046591
4.017509704495527 5.910614994657444 5.518711278570311 -7.209093982518961
5.214250246216497 6.817305584775941 8.111327332018181 -10.177468700634888
6.521977131452614 7.569742076474654 11.94270519218675 -11.613570547405772
8.0558440987081 8.2181064729009 10000 -13.382143429133773
9.329766149932636 9.360254201268566 10000 -1.6063736
10.618905542229216 10.477415033312054 10000 -1.6063736
11.924699361370813 11.571079043202015 10000 -1.6063736
13.248660424715487 12.642650221923912 10000 -1.6063736
20.800006975501855 8.438500727838887 8.454520321837977 0
20.204069805429747 23.221705234346977 7.044221385791716 -20.03313999070528
13.270175669696314 19.711675861429086 6.077494448353705 -18.639343229280225
8.86618215793833 17.746285486950153 5.3019871715091185 -15.971859474101407
6.399033510977261 16.587869737975158 4.55495765639854 -13.954746273633756
4.614536742199999 15.939575944757241 3.7676017224414364 -12.692464284410413
3.159412082077369 10.003239356309997 0 -11.741089232005812
0 4.520213363634032 0 -9.46147582505189
0 0 0 -6.4911140738451465
0 0 0 -5.307970922615882
0 3.0032248439212386 0 -5.307970922615882
0 4.620388631061636 3.614138663432942 -6.0874733046591
4.017509704495527 5.910614994657444 5.518711278570311 -7.209093982518961
5.214250246216497 6.817305584775941 8.111327332018181 -10.177468700634888
6.521977131452614 7.569742076474654 11.94270519218675 -11.613570547405772
8.0558440987081 8.2181064729009 10000 -13.382143429133773
9.329766149932636 9.360254201268566 10000 -1.6063736
10.618905542229216 10.477415033312054 10000 -1.6063736
11.924699361370813 11.571079043202015 10000 -1.6063736
13.248660424715487 12.642650221923912 10000 -1.6063736
14.592385454124866 13.693453879040026 10000 -1.6063736
15.95756407989853 14.724743379547542 10000 -1.6063736
17.345988790747867 15.737706290349745 10000 -1.6063736
18.759565962123922 16.733470001982493 10000 -1.6063736
20.200328115591542 17.71310688358322 10000 -1.6063736
21.670447586021762 18.677639022477134 10000 -1.6063736
23.17225180190712 19.628042594034817 10000 -1.6063736
24.70824041801698 20.56525190250245 10000 -1.6063736
26.281104580043174 21.490163129214476 10000 -1.6063736
27.893748649255876 22.403637820879506 10000 -1.6063736
29.54931477325855 23.306506147409493 10000 -1.6063736
31.25121075889997 24.19956995597529 10000 -1.6063736
33.003141788038825 25.083605645566195 10000 -1.6063736
34.80914661965257 25.959366884261268 10000 -1.6063736
36.673639047166056 26.827587189649122 10000 -1.6063736
72.06607289730391 27.688982391328075 10000 -1.6063736
74.73264067756745 28.54425299315414 3952.6495613580237 -1.6063736
10000 29.394086451859348 1368.1217989918377 -1.6063736
10000 30.23915938781888 840.354616582906 -1.6063736
10000 31.08013974308972 612.8970482301355 -1.6063736
10000 31.917688901365626 486.11599188068976 -1.6063736
10000 32.75246378418596 405.225607181008 -1.6063736
10000 33.58511893759563 349.087477015227 -1.6063736
10000 34.416308623479054 307.81758523589446 -1.6063736
10000 35.24668892998484 276.1761327257221 -1.6063736
10000 36.07691991582431 251.12653376973844 -1.6063736
10000 36.90766780377564 230.78755660671257 -1.6063736
10000 37.73960723946609 213.93155943103537 -1.6063736
10000 38.57342363245575 199.7233242992002 -1.6063736
10000 39.40981559782433 187.57485380647918 -1.6063736
10000 40.24949751789504 177.0601983667124 -1.6063736
10000 41.09320224544547 167.86322608934887 -1.6063736
10000 41.941683971791164 159.7443705458 -1.6063736
10000 42.79572128552886 152.51877087181984 -1.6063736
10000 43.65612045054425 146.04149660155434 -1.6063736
10000 44.52371893519066 140.1973156805066 -1.6063736
10000 45.399389228403145 134.89345530511096 -1.6063736
10000 46.28404298302216 130.05438176523722 -1.6063736
10000 47.17863553187158 125.61797151552786 -1.6063736
10000 48.0841708282995 121.53265929428217 -1.6063736
20.800006975501855 8.438500727838887 8.454520321837977 0
19.60039847596214 8.49335877819273 8.400475608204365 -0.5980823932591668
18.40158753639277 8.560738916570378 8.336378940885941 -0.5833512949556652
17.2034677304736 23.977351059490516 8.262418361203698 -0.5686639052784724
16.005932758820038 22.161934950751476 8.178774923204816 -0.6608869919957183
14.808876411229276 20.370795752231277 8.085622966146051 -0.6368026324399133
13.612192528951747 18.603317879961672 7.983130373636708 -0.6117481317664051
12.41577496695923 16.85890528874231 7.871458820182168 -0.5858815298790074
11.219517556181062 15.136980686668036 7.750764005822057 -0.5593310835809341
10.023314065679866 13.43698478698752 7.621195879513285 -0.53216789225155
8.827058164738064 11.758375595234064 7.482898851867778 -0.5043671871827755
7.6306433848262865 10.100627729698406 7.336011997816693 -0.47576673592942875
6.43396308142465 8.46323177343273 7.180669249737987 -0.4460434170298868
5.236910395667568 6.845693656086649 7.016999581551156 -0.41473757318523374
4.039378215782651 5.247534063979651 6.332071128345372 -0.38134684694786836
0 3.6682878769110263 4.487538478555629 -0.34936137539175394
0 0 0 -0.2721584758808209
20.800006975501855 8.438500727838887 8.454520321837977 0
19.60039847596214 8.49335877819273 8.400475608204365 -0.5980823932591668
18.40158753639277 8.560738916570378 8.336378940885941 -0.5833512949556652
17.2034677304736 23.977351059490516 8.262418361203698 -0.5686639052784724
16.005932758820038 22.161934950751476 8.178774923204816 -0.6608869919957183
14.808876411229276 20.370795752231277 8.085622966146051 -0.6368026324399133
13.612192528951747 18.603317879961672 7.983130373636708 -0.6117481317664051
12.41577496695923 16.85890528874231 7.871458820182168 -0.5858815298790074
11.219517556181062 15.136980686668036 7.750764005822057 -0.5593310835809341
10.023314065679866 13.43698478698752 7.621195879513285 -0.53216789225155
20.800006975501855 8.438500727838887 8.454520321837977 0
19.60039847596214 8.49335877819273 8.400475608204365 -0.5980823932591668
18.40158753639277 8.560738916570378 8.336378940885941 -0.5833512949556652
17.2034677304736 23.977351059490516 8.262418361203698 -0.5686639052784724
16.005932758820038 22.161934950751476 8.178774923204816 -0.6608869919957183
20.800006975501855 8.438500727838887 8.454520321837977 0
19.69570060880636 9.33693599564186 7.772018389385952 -8.014575690557345
18.750331230661686 22.397257662757035 7.116310630009083 -8.002485013423378
17.953403324619792 19.791947837286735 6.471916967220876 -7.839897607326339
14.7138176575202 17.63786414225713 5.826662884777756 -7.872918454762039
10.95898881644153 15.84034830448494 5.170096479034245 -7.886938645538097
8.272680634210511 14.332525487690509 4.492456087781351 -7.893671040001497
6.18917616384848 13.06663810728032 3.7839018199210783 -7.902681158468405
4.474312718433074 12.008678304227224 3.033847129760006 -7.912141654040379
20.800006975501855 8.438500727838887 8.454520321837977 0
19.69570060880636 9.33693599564186 7.772018389385952 -8.014575690557345
18.750331230661686 22.397257662757035 7.116310630009083 -8.002485013423378
17.953403324619792 19.791947837286735 6.471916967220876 -7.839897607326339
14.7138176575202 17.63786414225713 5.826662884777756 -7.872918454762039
10.95898881644153 15.84034830448494 5.170096479034245 -7.886938645538097
20.800006975501855 8.438500727838887 8.454520321837977 0
19.632559995164144 8.025575961723627 8.941310269833162 4.369853582858971
18.516112878796374 7.590320359123898 9.617094910494878 4.383933871550111
17.444929420784646 7.133234840365153 10.525043138410611 4.398700891863147
16.41382931892006 6.65435467253181 11.724884823144462 4.414383754047636
15.418084284600166 33.70676348004194 13.301300572823722 4.431286866029902
14.420857812491068 32.5238860414166 15.17968988747014 4.198804560279158
13.441925051454858 31.406001262153495 13.833302501480002 4.225095532156489
12.477831845904234 30.344203404472154 12.351110445055358 4.23633897889407
11.525116704735254 29.33079397267082 10.97215641936377 4.2463477149271736
10.580244205713454 28.359048796595925 9.685284186634764 4.256279183713576
9.639529281989278 27.423031643474815 8.480925362325934 4.266171490296172
8.699047916541732 26.51744298402696 7.35083323895382 4.276063416127896
7.754528229433793 25.63749542237125 6.287869563262356 4.285995285187092
6.8012136202379345 24.778809342920933 5.285832591561011 4.296009951947234
5.869983415513672 23.930926953383267 4.33848416652135 4.306153978852428
4.920366250446869 23.106422915028382 3.4501832161821877 4.316275886582326
3.9434212403250295 22.300553825708256 0 4.326568255758634
0 21.508832663623984 0 4.325564834267248
0 20.72692785146867 0 4.360705676233502
0 19.95056607673248 0 4.367767097979094
0 19.17543413124709 0 4.374775139794026
0 18.397074762357423 0 4.381768777870018
3.4807049846275495 17.61077079928369 0 4.388788213504644
16.200822452006395 16.811410512233174 0 4.371242315494064
20.800006975501855 8.438500727838887 8.454520321837977 0
19.604154802272298 8.60918787050088 8.292947584978194 -1.887423651476534
18.41544919484105 25.16783697149038 8.10814936790351 -1.9317698918077817
17.484225473930444 21.134787395566597 7.231950910553014 -11.3609177738325
16.702266753567383 18.41649823373343 6.537682835481213 -9.01173607468595
15.137183485755164 16.371454524719958 5.906216439984514 -7.446731674101311
11.729313640950878 14.700929304623266 5.284235945418214 -6.121684635667557
9.469981884530462 13.305858933552043 4.663366748287059 -4.545465465003039
7.703097826442295 12.0622713516203 4.0287947978964755 -3.31282072189607
20.800006975501855 8.438500727838887 8.454520321837977 0
19.611875730861573 8.729752414285569 8.189607969167476 -2.819508637150747
18.45278981212853 24.426295631893268 7.851344234797764 -3.412155856221691
17.60111861490719 20.663348768042564 7.006062612643854 -11.33056850007609
16.963473003540404 17.985214345905167 6.277935940157828 -10.16830719215271
12.576306376069429 15.968594961299427 5.5968948749474245 -9.415186930623545
9.198480135259059 14.307735476890398 4.900445313297446 -9.908424674884689
6.737838185555718 12.97128967605212 4.181166568700783 -10.446663422134854
4.822071405221462 11.94059317045228 3.426586579139957 -10.972385492576972
20.800006975501855 8.438500727838887 8.454520321837977 0
19.60000697550186 8.437156553052805 8.455866619491164 -0.05575690393830257
18.40000697550186 8.435812378266725 8.45721291714435 0.1692564774365124
17.200540514247443 24.62342099422853 8.515084236075143 0.47900166567744407
17.127277641712425 6.624553505269205 13.791043639484379 29.33643268665785
15.689359902475648 6.330770384718356 13.42618300473227 -3.807690313537961
14.330579939582746 33.86518075169019 13.189301924958421 -3.5583748212368818
17.975225252614514 5.040127528658532 13.083071837478656 46.29691411440221
15.738169643165472 28.355691930612647 12.278221523795146 -6.269621190944136
20.800006975501855 8.438500727838887 8.454520321837977 0
19.60000697550186 8.437156553052805 8.455866619491164 -0.05575690393830257
18.40000697550186 8.435812378266725 8.45721291714435 0.1692564774365124
17.200540514247443 24.62342099422853 8.515084236075143 0.47900166567744407
17.127277641712425 6.624553505269205 13.791043639484379 29.33643268665785
15.689359902475648 6.330770384718356 13.42618300473227 -3.807690313537961
14.330579939582746 33.86518075169019 13.189301924958421 -3.5583748212368818
17.975225252614514 5.040127528658532 13.083071837478656 46.29691411440221
15.738169643165472 28.355691930612647 12.278221523795146 -6.269621190944136
20.800006975501855 8.438500727838887 8.454520321837977 0
19.60000697550186 8.437156553052805 8.455866619491164 -0.05575690393830257
18.40000697550186 8.435812378266725 8.45721291714435 0.1692564774365124
17.200540514247443 24.62342099422853 8.515084236075143 0.47900166567744407
17.127277641712425 6.624553505269205 13.791043639484379 29.33643268665785
15.689359902475648 6.330770384718356 13.42618300473227 -3.807690313537961
14.330579939582746 33.86518075169019 13.189301924958421 -3.5583748212368818
17.975225252614514 5.040127528658532 13.083071837478656 46.29691411440221
15.738169643165472 28.355691930612647 12.278221523795146 -6.269621190944136
31.10368978491205 3.7955596339069175 12.006384495432554 36.56649642673152
31.050029618838053 4.485430865391146 11.22246587065702 -5.947966150017933
30.895491323664277 8.96331261298693 10.46562293058699 -4.847433275901274
29.302523717703455 11.341816562583658 9.816888425556405 1.8539501234327247
27.09641479144354 11.316037545609545 9.280929574127805 5.211208261729517
25.17122292029874 11.366529312033634 8.805909491429938 4.622955366728519
23.383295225151794 11.278974425951127 8.399784087860562 4.509846302902446
21.712877214612504 11.102447905907036 8.064223286114288 4.388869095566001
20.185235325397894 11.004061718505456 7.775292423882526 4.289582344821589
18.69467339114082 10.71522421892138 7.5793971761766175 4.450786669736409
17.279694281868426 10.39157382088484 7.466260054327832 4.3925307744097495
15.929580841642244 10.03939395240799 26.76544489864934 4.350085029407346
14.634902622585686 9.662735450643057 23.09703588962098 4.309694674020534
13.399708797008755 9.47164730964912 20.38098002558221 2.6231265318515256
12.183789770713123 9.312459124373573 18.01127218755541 2.3168403762529692
10.977280714565797 9.061970580595675 15.67869201256338 2.585308421009657
9.782511953226363 8.782698982106501 13.515148025674087 3.0746697825567466
8.60609470499049 8.379742637068912 11.367979663170958 3.8127228964828106
7.45024085797588 7.914065981334069 9.367702879413708 4.60798307191579
6.324458274326301 7.363753285232443 7.494345565327708 5.478091320216258
5.221047199557127 6.7757248866495505 5.808611709084806 6.3397015484797095
4.145018128865446 6.138444415910638 4.287680980220904 7.196165468912874
3.0759966278098414 5.47777996188085 0 7.999612369707442
0 4.773987576825698 0 10.37170809757422
0 4.046047120568326 0 11.959062635347372
0 3.2769481088693397 0 11.215996420319541
20.800006975501855 8.438500727838887 8.454520321837977 0
19.60000697550186 8.437156553052805 8.455866619491164 0.10614649820364286
18.40000697550186 8.435812378266725 8.45721291714435 0.06950391872463935
17.200006975501864 24.456853211320556 8.458559214797535 0.0530610744257789
16.04071862905015 21.36881420590403 7.952275684539545 -5.968808980446096
14.918122533649884 18.911035168780884 7.511321765069842 -4.852654922614292
13.81316832010714 16.790435858174146 7.081563511408427 -4.0032786237446425
12.710490735838174 14.916792233715087 6.656902639522904 -3.2836261511794893
11.599086356559422 13.226183849467327 6.233966616489726 -2.651657177869255
10.471810996963848 11.671915185812109 5.811422009646679 -2.0796817537055894
9.324966967840806 10.21887396034233 5.3895408021996305 -1.5492379292905456
8.15788350955251 8.83984805942766 4.969906041435042 -1.047811090957837
6.972429277287227 7.512989564873175 4.5551982575807815 -0.5667428279747488
5.772429277287224 6.219955656703433 4.149034885343889 -0.09985461827305153
4.562989571980603 4.944436196696068 3.7558540902622153 0.35749678778737337
3.3562259114122157 3.65730181522342 3.36873795975614 0.8090871240939657
0 0 0 1.259507606963744
20.800006975501855 8.438500727838887 8.454520321837977 0
19.60000697550186 8.437156553052805 8.455866619491164 0.10614649820364286
18.40000697550186 8.435812378266725 8.45721291714435 0.06950391872463935
17.200006975501864 24.456853211320556 8.458559214797535 0.0530610744257789
16.04071862905015 21.36881420590403 7.952275684539545 -5.968808980446096
20.800006975501855 8.438500727838887 8.454520321837977 0
19.600606589233717 8.382063452379034 8.512373647256451 0.3159373177317333
18.400606589233718 8.369548628792616 8.525074936350274 -0.13320097218392046
17.200193046017244 24.45711778675289 8.481099871361515 -0.6679449711917975
16.049549751569632 21.246312888061606 7.927890276516046 -6.086089321550718
14.976518599468422 18.53330931088989 7.371794431439655 -6.463307528472525
13.971284319291069 16.209563284483522 6.807764222414666 -6.435718278481977
13.025596260705724 14.196326168376176 6.231252679813643 -6.176728291867253
12.100691996646342 12.471574450951307 5.654216837248124 -5.7863105952274285
11.176801455209551 10.957432543259772 5.066969218625407 -5.3712168844237596
9.231699779748794 9.579512818515942 4.454222669377268 -4.9555751260937
7.21636728456508 8.31973032612512 3.8132286767518733 -5.354180918604719
5.42971919067032 7.155163969758918 3.1376834621744845 -5.763973951724115
3.871865272387991 6.094019810289475 0 -5.894272627312599
0 5.127773130592786 0 -3.82874093513054
0 4.2159191585539215 0 -5.577575642404216
20.800006975501855 8.438500727838887 8.454520321837977 0
19.600606589233717 8.382063452379034 8.512373647256451 0.3159373177317333
18.400606589233718 8.369548628792616 8.525074936350274 -0.13320097218392046
17.200193046017244 24.45711778675289 8.481099871361515 -0.6679449711917975
16.049549751569632 21.246312888061606 7.927890276516046 -6.086089321550718
14.976518599468422 18.53330931088989 7.371794431439655 -6.463307528472525
13.971284319291069 16.209563284483522 6.807764222414666 -6.435718278481977
13.025596260705724 14.196326168376176 6.231252679813643 -6.176728291867253
12.100691996646342 12.471574450951307 5.654216837248124 -5.7863105952274285
